Documents/QGIS/Donjek_Glaciers/DEM_G3.asc
ncols        121
nrows        77
xllcorner    606199.740832311101
yllcorner    6757580.463972853497
dx           39.911443761869
dy           39.744821677202
[rows 0 to 52 of 77, columns 0 to 95 of 121]
0 0 0 0 0 0 0 0 0 0 0 0 0 0 0 0 0 0 0 0 0 0 0 0 0 0 0 0 0 0 0 0 0 0 0 0 2449 2442 2437 2433 2430 2427 0 0 0 0 0 0 0 0 0 0 0 0 0 0 0 0 0 0 0 0 0 0 0 0 0 0 0 0 0 0 0 0 0 0 0 0 0 0 0 0 0 0 0 0 0 0 0 0 0 0 0 0 0 0
0 0 0 0 0 0 0 0 0 0 0 0 0 0 0 0 0 0 0 0 0 0 0 0 0 0 0 0 0 0 0 0 2460 2459 2454 2445 2441 2440 2437 2432 2425 2418 2417 2425 2428 0 0 0 0 0 0 0 0 0 0 0 0 0 0 0 0 0 0 0 0 0 0 0 0 0 0 0 0 0 0 0 0 0 0 0 0 0 0 0 0 0 0 0 0 0 0 0 0 0 0 0
0 0 0 0 0 0 0 0 0 0 0 0 0 0 0 0 0 0 0 0 0 0 0 0 0 0 0 0 0 2477 2465 2458 2454 2453 2452 2450 2449 2450 2447 2441 2435 2428 2425 2425 2424 2422 2418 2414 2410 2406 0 0 0 0 0 0 0 0 0 0 0 0 0 0 0 0 0 0 0 0 0 0 0 0 0 0 0 0 0 0 0 0 0 0 0 0 0 0 0 0 0 0 0 0 0 0
0 0 0 0 0 0 0 0 0 0 0 0 0 0 0 0 0 0 2610 0 0 0 0 0 0 0 0 2493 2485 2474 2465 2460 2456 2454 2453 2454 2455 2454 2451 2445 2439 2434 2429 2426 2422 2419 2416 2413 2409 2404 2402 2405 2402 0 0 0 0 0 0 0 0 0 0 0 0 0 0 0 0 0 0 0 0 0 0 0 0 0 0 0 0 0 0 0 0 0 0 0 0 0 0 0 0 0 0 0
0 0 0 0 0 0 0 0 0 0 0 0 0 0 0 0 0 2627 2607 2578 0 0 0 0 0 2510 2507 2502 2494 2484 2476 2471 2467 2462 2459 2458 2457 2455 2450 2444 2438 2434 2430 2425 2422 2419 2417 2417 2414 2409 2406 2407 2406 2402 2398 2393 2389 2385 0 0 0 0 0 0 0 0 0 0 0 0 0 0 0 0 0 0 0 0 0 0 0 0 0 0 0 0 0 0 0 0 0 0 0 0 0 0
0 0 0 0 0 0 0 0 0 0 0 0 0 0 0 0 0 2623 2595 2562 2538 2525 2515 2507 2509 2519 2520 2513 2504 2494 2487 2481 2475 2469 2465 2462 2459 2455 2450 2443 2437 2434 2430 2426 2422 2419 2417 2418 2415 2411 2408 2408 2407 2407 2403 2397 2391 2383 2378 2375 2370 2364 2353 0 0 0 0 0 0 0 0 0 0 0 0 0 0 0 0 0 0 0 0 0 0 0 0 0 0 0 0 0 0 0 0 0
0 0 0 0 0 0 0 0 0 0 0 0 0 0 0 0 0 0 0 0 2529 2520 2515 2514 2520 2534 2537 2527 2517 2506 2497 2488 2482 2476 2471 2466 2460 2455 2449 2441 2436 2433 2430 2427 2423 2418 2415 2414 2412 2410 2409 2407 2407 2407 2405 2402 2396 2388 2383 2381 2375 2366 2354 2337 2325 0 0 0 0 0 0 0 0 0 0 0 0 0 0 0 0 0 2281 2286 2286 2281 2278 2276 2278 2282 2286 0 0 0 0 0
0 0 0 0 0 0 0 0 0 0 0 0 0 0 0 0 0 0 0 0 2522 2517 2516 2517 2524 2537 2540 2534 2525 2513 2503 2493 2486 2481 2476 2469 2462 2456 2449 2440 2435 2432 2430 2428 2425 2421 2417 2414 2412 2411 2410 2409 2408 2409 2407 2405 2399 2391 2385 2382 2376 2366 2352 2334 2321 0 0 0 0 0 0 0 0 0 0 0 0 0 2290 2282 2276 2273 2273 2275 2271 2262 2256 2254 2257 2266 2273 2279 0 0 0 0
0 0 0 0 0 0 0 0 0 0 0 0 0 0 0 0 0 0 0 2524 2517 2518 2518 2518 2520 2526 2530 2532 2527 2515 2505 2495 2488 2484 2478 2472 2465 2458 2449 2439 2433 2430 2428 2427 2426 2426 2423 2418 2415 2414 2413 2413 2412 2411 2409 2407 2401 2392 2385 2380 2373 2363 2348 2329 2317 2312 2311 0 0 0 0 0 0 0 2312 2306 2301 2298 2293 2287 2281 2276 2275 2277 2272 2261 2253 2250 2252 2260 2266 2271 2270 2262 2255 0
0 0 0 0 0 0 0 0 0 0 0 0 0 0 0 0 0 0 2529 2521 2519 2524 2527 2528 2530 2532 2534 2537 2528 2507 2495 2491 2488 2484 2479 2473 2466 2459 2448 2435 2428 2426 2423 2420 2420 2423 2422 2418 2415 2413 2412 2412 2411 2409 2407 2404 2399 2390 2383 2379 2370 2357 2340 2318 2306 2307 2311 2319 2323 2325 2326 2325 2323 2319 2314 2308 2303 2300 2296 2290 2285 2280 2280 2283 2279 2267 2258 2254 2255 2260 2262 2263 2258 2247 2237 2228
0 0 0 0 0 0 0 0 0 0 0 0 0 0 0 0 0 2542 2529 2526 2528 2536 2543 2549 2552 2553 2551 2549 2527 2488 2472 2480 2483 2482 2479 2474 2467 2458 2446 2429 2420 2418 2413 2406 2405 2411 2414 2415 2413 2411 2408 2407 2404 2402 2400 2397 2391 2384 2380 2379 2369 2350 2326 2298 2289 2299 2310 2323 2329 2331 2331 2329 2327 2323 2317 2311 2307 2303 2299 2293 2288 2286 2287 2293 2291 2279 2271 2267 2265 2264 2261 2254 2244 2232 2223 2216
0 0 0 0 0 0 0 0 0 0 0 0 0 0 0 0 0 2541 2533 2530 2533 2542 2550 2557 2560 2560 2555 2547 2523 2483 2469 2482 2487 2484 2480 2474 2466 2455 2441 2424 2414 2413 2408 2400 2399 2404 2408 2410 2410 2409 2407 2405 2403 2400 2396 2391 2386 2378 2374 2373 2364 2346 2321 2290 2282 2297 2311 2325 2331 2331 2330 2327 2323 2319 2314 2308 2302 2297 2292 2288 2287 2289 2295 2304 2305 2299 2294 2290 2283 2273 2259 2242 2228 2215 2204 2197
0 0 0 0 0 0 0 0 0 0 0 0 0 0 0 0 2555 2546 2540 2534 2535 2543 2548 2551 2552 2552 2545 2532 2513 2491 2485 2496 2497 2489 2482 2474 2463 2450 2435 2418 2410 2410 2408 2404 2402 2403 2404 2404 2406 2409 2409 2408 2406 2401 2395 2389 2381 2372 2366 2363 2356 2344 2323 2294 2287 2301 2314 2325 2329 2326 2322 2317 2313 2309 2304 2297 2289 2280 2276 2276 2281 2290 2301 2313 2321 2325 2326 2325 2311 2285 2257 2229 2208 2194 2182 2171
0 0 0 0 0 0 0 0 0 0 0 0 0 0 0 0 2552 2546 2543 2540 2540 2542 2544 2545 2545 2544 2537 2523 2511 2502 2501 2508 2505 2493 2481 2470 2458 2442 2428 2414 2408 2408 2408 2409 2408 2404 2402 2400 2402 2406 2408 2407 2405 2401 2395 2387 2379 2371 2365 2359 2352 2344 2326 2299 2292 2305 2315 2323 2325 2323 2319 2313 2307 2300 2293 2286 2276 2263 2258 2262 2272 2290 2308 2324 2337 2348 2353 2353 2334 2297 2262 2227 2202 2184 2167 2150
0 0 0 0 0 0 0 0 0 0 0 0 0 0 0 2557 2546 2541 2541 2547 2547 2540 2537 2538 2537 2536 2530 2520 2516 2518 2518 2518 2509 2494 2478 2463 2448 2432 2420 2412 2408 2408 2410 2417 2416 2409 2403 2398 2398 2402 2404 2402 2401 2400 2396 2387 2381 2376 2370 2361 2353 2344 2328 2306 2299 2308 2314 2318 2320 2321 2320 2315 2305 2291 2281 2274 2262 2245 2239 2244 2261 2290 2315 2334 2352 2368 2376 2375 2353 2311 2272 2238 2209 2185 2160 2133
0 0 0 0 0 0 0 0 0 0 0 0 0 0 2566 2553 2544 2540 2543 2552 2552 2542 2537 2536 2534 2531 2527 2521 2521 2527 2526 2520 2508 2490 2473 2457 2440 2424 2413 2408 2404 2403 2406 2412 2412 2406 2402 2400 2400 2401 2401 2399 2398 2397 2394 2387 2382 2378 2372 2363 2353 2343 2329 2311 2305 2311 2314 2315 2316 2317 2316 2311 2301 2287 2278 2273 2260 2241 2233 2238 2258 2292 2318 2337 2356 2374 2385 2388 2367 2323 2284 2250 2220 2194 2163 2128
0 0 0 0 0 0 0 0 0 0 0 0 0 2578 2567 2553 2546 2544 2547 2555 2555 2547 2542 2540 2536 2531 2528 2526 2527 2529 2525 2513 2499 2483 2466 2450 2434 2417 2406 2400 2396 2395 2395 2395 2395 2395 2399 2408 2409 2404 2401 2398 2395 2393 2390 2387 2383 2378 2372 2364 2354 2342 2329 2315 2309 2312 2313 2312 2311 2311 2307 2302 2295 2288 2284 2282 2271 2251 2242 2245 2262 2296 2319 2333 2348 2366 2380 2390 2374 2335 2298 2264 2235 2211 2178 2136
0 0 0 0 0 0 0 0 0 0 0 0 2585 2579 2570 2557 2549 2547 2548 2553 2554 2549 2545 2540 2536 2531 2530 2532 2531 2529 2520 2504 2489 2474 2459 2446 2432 2416 2409 2411 2409 2404 2400 2395 2394 2395 2400 2410 2411 2403 2398 2395 2392 2389 2387 2385 2381 2376 2370 2362 2349 2329 2315 2307 2305 2310 2311 2307 2303 2299 2294 2289 2285 2282 2282 2285 2277 2259 2252 2256 2273 2303 2323 2333 2344 2359 2373 2387 2375 2339 2303 2266 2237 2215 2185 2146
0 0 0 0 0 0 0 0 0 0 2591 2586 2583 2581 2575 2565 2556 2549 2546 2548 2549 2549 2546 2538 2534 2533 2534 2538 2535 2524 2510 2491 2476 2464 2453 2444 2434 2422 2424 2440 2442 2430 2420 2413 2408 2406 2405 2406 2404 2399 2394 2389 2387 2385 2384 2382 2377 2371 2364 2357 2337 2306 2289 2287 2292 2304 2306 2300 2292 2283 2276 2272 2270 2270 2274 2282 2279 2266 2264 2272 2288 2315 2331 2336 2343 2352 2363 2378 2369 2336 2298 2256 2225 2207 2184 2156
0 0 0 0 0 0 0 0 0 2593 2585 2581 2580 2583 2580 2570 2562 2553 2549 2549 2550 2551 2547 2539 2536 2539 2542 2545 2538 2522 2504 2482 2466 2456 2449 2443 2436 2427 2434 2457 2461 2446 2433 2421 2413 2409 2405 2402 2398 2394 2389 2383 2381 2380 2379 2377 2373 2367 2360 2351 2330 2298 2281 2280 2286 2297 2299 2292 2282 2271 2264 2261 2259 2261 2268 2280 2282 2274 2276 2287 2303 2324 2336 2340 2344 2348 2357 2369 2359 2327 2285 2234 2199 2181 2167 2157
0 0 0 0 0 0 0 0 2600 2588 2579 2574 2575 2583 2583 2575 2567 2560 2556 2555 2555 2554 2550 2543 2542 2548 2551 2553 2543 2523 0 2475 2459 2451 2445 2444 2439 2432 2439 2461 2465 2452 2437 2421 2409 2404 2400 2397 2394 2389 2384 2377 2374 2374 2373 2371 2368 2364 2356 2345 2328 2307 2293 2287 2287 2292 2290 2283 2275 2264 2257 2254 2254 2255 2264 2281 2287 2283 2288 2301 2316 2332 2341 2343 2346 2350 2354 2358 2344 2312 2264 2201 2158 2137 2133 2147
0 0 0 0 0 0 0 2607 2595 2585 2578 2573 2574 2582 2583 2578 2573 2569 2566 2564 2561 2557 2552 2545 2546 2553 2557 2556 2544 0 0 0 2455 2449 2447 2447 2444 2437 2443 2461 2463 2451 2435 2417 2405 2400 2396 2393 2389 2385 2380 2372 2369 2369 2369 2369 2366 2363 2351 2332 2317 2307 2298 2291 2288 2288 2284 2275 2266 2257 2253 2252 2255 2260 2271 2289 2296 2293 2298 2312 2323 2331 2334 2333 2336 2344 2349 2352 2335 2299 2247 2180 2137 2118 2121 2145
0 0 0 0 0 0 2617 2603 2592 2585 2580 2578 2577 2579 2580 2579 2579 2581 2579 2575 2569 2561 2554 2547 2547 2554 2557 2555 0 0 0 0 2456 2453 2452 2454 2452 2445 2447 2457 2455 2441 2426 2410 2401 2398 2394 2389 2385 2381 2377 2370 2367 2367 2368 2370 2368 2364 2346 2314 2298 2299 2297 2293 2290 2287 2279 2267 2257 2251 2250 2255 2263 2275 2289 2304 2309 2305 2307 2318 2323 2321 2317 2310 2315 2331 2343 2350 2332 2287 2233 2171 2135 2125 2130 2151
0 0 0 0 0 2631 2613 2599 2590 2585 2582 2580 2579 2577 2577 2579 2581 2585 2584 2579 2573 2566 2559 2552 2549 2551 2552 2552 0 0 0 2466 2455 2454 2454 2455 2453 2447 2446 2452 2449 2436 2422 2407 2399 2398 2394 2388 2384 2383 2382 2380 2376 2371 2369 2370 2369 2366 2347 2312 2297 2302 2302 2298 2293 2288 2277 2261 2250 2244 2246 2255 2270 2291 2309 2324 2328 2322 2322 2330 2327 2315 2302 2289 2290 2305 2318 2328 2312 2271 2225 2176 2149 2145 2148 2159
0 0 0 0 0 2626 2608 2597 2590 2588 2585 2581 2578 2576 2575 2576 2579 2582 2581 2576 2573 2572 2567 2560 2552 2544 2543 0 0 0 0 2463 2454 2454 2453 2451 2447 2442 2442 2446 2444 2435 2423 2407 2399 2399 2396 2389 2387 2390 2395 2401 2396 2380 2371 2370 2369 2370 2356 2326 2313 2317 2314 2306 2298 2291 2277 2257 2244 2238 2241 2255 2277 2307 2331 2347 2352 2345 2343 2346 2336 2312 2290 2268 2260 2265 2274 2285 2277 2250 2222 2195 2180 2177 2174 2168
0 0 0 0 2646 2623 2607 2597 2592 2592 2589 2585 2581 2579 2577 2576 2577 2578 2578 2575 2575 2578 2577 2572 2564 2553 2550 0 0 0 0 2464 2455 2454 2452 2448 2443 2437 2435 2437 2434 2428 2419 2406 2400 2400 2396 2389 2388 2392 2398 2403 2398 2382 2373 2370 2370 2372 2362 2340 2329 2329 2324 2313 2303 2293 2279 2259 2245 2238 2244 2263 2288 2321 2346 2364 2371 2368 2367 2370 2357 2329 2301 2274 2257 2250 2253 2266 2268 2256 2242 2223 2209 2197 2183 2165
0 0 0 2664 2640 2621 2608 2600 2597 2598 2596 2591 2588 2586 2583 2579 2576 2575 2574 2575 2579 2586 2589 2587 2583 2577 0 0 0 0 0 2467 2457 2455 2451 2447 2440 2433 2427 2424 2420 2416 2410 2404 2400 2399 2394 2386 2385 2390 2390 2387 2382 2377 2373 2372 2371 2372 2365 2353 2344 2339 2331 2318 2306 2295 2282 2266 2254 2246 2255 2279 2305 2333 2356 2374 2386 2391 2395 2400 2389 2365 2337 2307 2281 2260 2257 2272 2283 2290 2283 2261 2235 2205 2176 2149
0 0 2689 2661 2639 2623 2612 2605 2602 2602 2602 2601 2599 2597 2592 2587 2583 2581 2582 2586 2594 2604 2609 2611 2608 2601 0 0 0 0 0 2469 2460 2457 2452 2447 2440 2432 2425 2420 2414 2409 2404 2400 2397 2393 2389 2384 2383 2387 2385 2377 2373 2372 2371 2372 2371 2370 2366 2360 2353 2344 2333 2319 2308 2298 2287 2275 2266 2260 2271 2298 2324 2347 2368 2386 2401 2410 2417 2422 2415 2396 2371 2341 2313 2286 2279 2292 2304 2315 2308 2283 2246 2197 2157 2125
2741 2715 2690 2663 2643 2629 2619 2612 2607 2605 2607 2612 2613 2611 2607 2601 2598 2597 2601 2609 2619 2631 2639 2642 2637 2623 0 0 0 0 2483 2471 2464 2459 2455 2449 2443 2435 2429 2425 2418 2407 2400 2396 2391 2383 2380 2381 2383 2383 2381 2374 2369 2367 2367 2369 2369 2367 2365 2362 2354 2342 2330 2318 2308 2302 2295 2288 2283 2280 2293 2321 2345 2363 2382 2401 2416 2426 2434 2438 2434 2422 2403 2378 2353 2328 2319 2326 2330 2331 2317 2289 2242 2174 2125 2095
2739 2716 2692 2667 2648 2634 2624 2618 2614 2611 2614 2621 2623 2622 2619 2616 2617 2620 2627 2637 2647 2658 2663 2662 2651 0 0 0 0 0 2481 2471 2464 2460 2456 2452 2446 2439 2433 2429 2419 2403 2394 2392 2386 2377 2376 2382 2384 2383 2379 2372 2367 2363 2361 2362 2359 2355 2351 2349 2344 2335 2326 2317 2312 2310 2307 2302 2299 2298 2312 2341 2365 2383 2402 2421 2435 2443 2449 2454 2453 2447 2434 2414 2393 2369 2355 2350 2345 2338 2320 2289 2235 2159 2109 2083
2736 2719 2698 2673 2653 2638 2629 2624 2621 2620 2622 2627 2629 2628 2630 2633 2640 2648 2658 2669 2677 2683 2681 2671 2648 0 0 0 0 0 2479 2468 2461 2457 2455 2454 2451 2444 2438 2432 2417 2395 2385 2387 2384 2376 2376 2384 2387 2386 2381 2373 2366 2358 2353 2350 2343 2332 2326 2323 2322 2321 2320 2318 2319 2324 2323 2318 2314 2312 2326 2356 2383 2406 2428 2448 2459 2460 2464 2470 2472 2472 2464 2450 2431 2408 2386 2365 2349 2338 2315 2281 2227 2153 2108 2091
2729 2720 2703 2680 2660 2644 2634 2630 2627 2628 2631 2636 2640 2642 2648 2657 2666 2676 2686 2694 2698 2697 2685 2662 0 0 0 0 0 2490 2482 2473 2466 2462 2460 2461 2459 2453 2447 2439 2423 2400 2388 2388 2385 2379 2379 2385 2387 2385 2381 2375 2368 2361 2355 2351 2342 2329 2321 2316 2315 2317 2319 2321 2327 2337 2338 2331 2326 2323 2337 2367 2395 2422 2445 2465 2474 2472 2475 2483 2489 2493 2490 2480 2463 2439 2411 2378 2355 2341 2316 2281 2228 2157 2115 2102
2719 2720 2709 2688 2669 2652 2641 2636 2634 2635 2639 2647 2655 2663 2674 2686 2696 2704 2709 2712 2709 2701 2677 0 0 0 0 0 0 2489 2491 2485 2479 2473 2470 2471 2470 2465 2459 2451 2437 2418 2403 2395 2389 2385 2383 2383 2382 2381 2379 2378 2375 2371 2367 2364 2356 2346 2337 2328 2324 2323 2324 2326 2335 2348 2350 2340 2334 2331 2343 2371 2400 2429 2453 2473 2481 2479 2483 2493 2502 2511 2512 2505 2489 2464 2431 2390 2361 2345 2321 2290 2240 2172 2131 2117
0 2721 2717 2698 2680 2663 2653 2649 2648 2651 2657 2668 2679 2691 2702 2713 2719 2722 2721 2717 2707 0 0 0 0 0 0 0 0 2490 2497 2495 2491 2487 2486 2488 2487 2484 2477 2467 2452 2434 2418 2404 2395 2391 2387 2383 2380 2380 2380 2381 2380 2379 2377 2373 2367 2359 2350 2341 2335 2331 2332 2337 2345 2358 2360 2350 2346 2348 2361 2386 2413 2442 2464 2478 2485 2484 2488 2497 2507 2517 2520 2517 2504 2481 2447 2403 2371 2351 2328 0 0 0 0 0
0 2723 2725 2710 2695 2679 2669 2666 2668 2675 2685 2700 2713 2726 2734 2738 2736 2729 0 0 0 0 0 0 0 0 0 0 2482 2494 2501 2502 2504 2505 2507 2510 2511 2509 2502 2487 2469 2449 2431 2415 2404 2396 2390 2385 2383 2383 2383 2384 2385 2385 2383 2379 2374 2368 2361 2353 2347 2343 2345 2352 2359 2366 2367 2362 2364 2374 2389 2410 2434 2460 2476 2482 2485 2486 2489 2496 2504 2512 2517 2517 2508 2489 2458 2416 2383 0 0 0 0 0 0 0
0 2722 2730 2722 2711 2697 2690 2689 2694 2704 2717 2733 2746 2756 2759 2754 0 0 0 0 0 0 0 0 0 0 0 2494 2495 2505 2512 2517 2523 2528 2531 2532 2532 2532 2523 2503 2482 2460 2441 2425 2412 2402 2395 2390 2387 2386 2386 2387 2388 2389 2387 2384 2380 2374 2368 2362 2356 2352 2355 2365 2373 2380 2382 2381 2388 2400 2417 2437 2457 2477 2487 2489 2490 2490 2492 2495 2498 2502 2506 2510 2504 2487 2461 0 0 0 0 0 0 0 0 0
0 0 2734 2735 2730 2718 2714 2716 2724 2737 2751 2766 2776 2781 2776 0 0 0 0 0 0 0 0 0 0 0 0 2513 2515 2523 2531 2540 2547 2553 2556 2554 2553 2552 2540 2517 2493 2469 2450 2433 2420 2410 2402 2397 2393 2392 2390 2390 2390 2391 2390 2388 2384 2379 2373 2367 2362 2357 2362 2376 2388 2399 2406 2410 2417 2427 2443 2467 2483 2493 2498 2498 2498 2497 2496 2493 2490 2487 2489 2496 2492 0 0 0 0 0 0 0 0 0 0 0
0 0 2737 2747 2749 2744 2743 2746 2756 2771 2784 2795 2800 2797 0 0 0 0 0 0 0 0 0 0 0 0 2533 2532 2535 2542 2551 2560 2568 2575 2575 2570 2566 2566 2552 2524 2498 2473 2454 2439 2427 2417 2410 2405 2401 2399 2397 2396 2395 2396 2395 2393 2389 2383 2378 2373 2371 2371 2377 2391 2405 2419 2431 2441 2447 2450 2461 2481 2496 2504 2510 2512 2512 2511 2507 2499 2492 2483 2482 2488 2485 0 0 0 0 0 0 0 0 0 0 0
0 0 0 2758 2769 2772 2776 2779 2789 2805 2815 2820 2817 0 0 0 0 0 0 0 0 0 0 0 0 2547 2549 2553 2557 2562 2569 2578 2585 2591 2589 2579 2574 2572 2556 2525 2497 2473 2455 2443 2432 2424 2418 2414 2411 2409 2407 2405 2404 2404 2402 2399 2394 2387 2383 2380 2384 2392 2401 2411 2424 2441 2457 0 0 0 0 0 0 0 2523 2529 2532 2531 2526 2515 2503 2491 2485 2487 2482 0 0 0 0 0 0 0 0 0 0 0
0 0 0 2769 2788 2800 2809 2813 2822 2834 2838 2835 0 0 0 0 0 0 0 0 0 0 0 0 2551 2555 2561 2567 2573 2577 2582 2589 2595 2599 2594 2581 2571 2565 2547 2517 2492 2472 2456 2447 2438 2429 2424 2422 2419 2417 2415 2413 2412 2410 2408 2404 2399 2393 2390 2390 2397 2411 2421 2428 2440 2456 2473 0 0 0 0 0 0 0 2532 2543 2549 2550 2543 2529 2513 2495 2485 2482 2481 0 0 0 0 0 0 0 0 0 0 0
0 0 0 0 2807 2827 2841 2849 2854 2858 2854 0 0 0 0 0 0 0 0 0 0 0 0 2552 2554 2561 2568 2576 2582 2585 2589 2594 2596 2598 2591 2575 2559 2543 2523 2502 2484 2471 2460 2451 2443 2434 2429 2427 2426 2424 2422 2419 2417 2416 2413 2408 2404 2400 2399 2402 2412 2428 2438 2444 2452 2464 0 0 0 0 0 0 0 0 2536 2553 2563 2567 2560 2541 2520 2496 2481 2475 2483 0 0 0 0 0 0 0 0 0 0 0
0 0 0 0 2827 2852 2869 2877 2880 2877 2863 0 0 0 0 0 0 0 0 0 0 0 2554 2555 2559 2567 2575 2582 2588 2591 2594 2597 2597 2594 2584 2566 2546 2525 2506 2491 2479 2470 2462 2454 2447 2439 2435 2434 2432 2429 2427 2424 2422 2420 2417 2413 2411 2411 2414 2420 2431 2446 2456 2460 2465 0 0 0 0 0 0 0 0 2518 2543 2563 2575 2580 2570 2547 2522 2496 2479 0 0 0 0 0 0 0 0 0 0 0 0 0
0 0 0 0 2848 2874 2891 2899 2899 2890 2867 2831 0 0 0 0 0 0 0 0 0 2564 2558 2560 2565 2573 2581 2587 2591 2594 2597 2598 2596 2589 2575 2554 2533 2511 2495 2485 2477 2469 2462 2455 2450 2446 2443 2441 2438 2432 2429 2427 2426 2424 2421 2418 2420 2425 2433 2443 2454 0 0 0 0 0 0 0 0 0 0 0 2505 2531 2554 2572 2584 2588 2576 2546 2519 0 0 0 0 0 0 0 0 0 0 0 0 0 0 0
0 0 0 2829 2856 2878 2893 2901 2900 2891 2865 2821 2784 2754 0 0 0 0 0 0 2579 2569 2566 2569 2573 2580 2585 2590 2594 2597 2599 2599 2593 2582 2565 2543 2522 2504 2491 2485 2479 2472 2465 2457 2453 2451 2450 2449 2445 2438 2434 2431 2429 2427 2427 2429 2435 2446 0 0 0 0 0 0 0 0 0 0 0 0 0 2503 2517 2538 2556 2571 2578 2578 2563 2533 0 0 0 0 0 0 0 0 0 0 0 0 0 0 0 0
0 0 0 0 0 0 0 0 2885 2880 2855 2809 2771 2742 2715 0 0 0 0 2593 2582 2579 2578 2581 2584 2587 2590 2592 2595 2599 2600 2598 2589 2573 2554 2532 2515 2503 2495 2491 2485 2477 2469 2461 2456 2454 2454 2456 2453 2447 2441 2434 2431 2430 2434 2444 0 0 0 0 0 0 0 0 0 0 0 0 0 0 0 2511 2522 2538 2551 2560 0 0 0 0 0 0 0 0 0 0 0 0 0 0 0 0 0 0 0 0
0 0 0 0 0 0 0 0 2862 2858 2837 2797 2763 2734 2707 2681 2656 2631 2612 2598 2591 2592 2593 2594 2594 2594 2595 2596 2597 2599 2597 2592 2582 2567 2550 2532 2518 2508 2501 2497 2490 2482 2473 2464 2459 2456 2456 2458 2455 2450 2444 2439 2437 2440 2450 2467 0 0 0 0 0 0 0 0 0 0 0 0 0 0 0 0 0 0 0 0 0 0 0 0 0 0 0 0 0 0 0 0 0 0 0 0 0 0 0 0
0 0 0 0 0 0 0 0 0 2825 2810 2785 2759 2730 2703 2677 2653 2631 2616 2610 2607 2609 2609 2607 2605 2603 2601 2601 2599 2598 2592 2581 2572 2563 2554 2543 2531 2520 2510 2501 2493 2486 2478 2468 2461 2456 2454 2454 2452 2446 2443 2443 2449 2458 2475 0 0 0 0 0 0 0 0 0 0 0 0 0 0 0 0 0 0 0 0 0 0 0 0 0 0 0 0 0 0 0 0 0 0 0 0 0 0 0 0 0
0 0 0 0 0 0 0 0 0 2800 2786 2767 0 0 0 2673 2652 2632 2621 2618 2618 2622 2622 2618 2614 2611 2607 2603 2598 2593 2586 2577 2572 2571 2567 2562 2552 2537 2523 2508 2497 2489 2480 2470 2462 2457 2454 2455 2454 2452 2453 2458 2469 2483 0 0 0 0 0 0 0 0 0 0 0 0 0 0 0 0 0 0 0 0 0 0 0 0 0 0 0 0 0 0 0 0 0 0 0 0 0 0 0 0 0 0
0 0 0 0 0 0 0 0 0 2784 2764 0 0 0 0 0 2653 2634 2624 2622 2624 2630 2630 2625 2621 2618 2612 2603 2593 2583 2579 2581 2585 2590 2592 2590 2579 2561 2540 2517 2501 2492 2482 2471 2463 2459 2458 2459 2462 2466 2473 2483 2497 2515 0 0 0 0 0 0 0 0 0 0 0 0 0 0 0 0 0 0 0 0 0 0 0 0 0 0 0 0 0 0 0 0 0 0 0 0 0 0 0 0 0 0
0 0 0 0 0 0 0 0 0 2760 2741 0 0 0 0 0 0 2632 2621 2616 2618 2628 2632 2631 2629 2624 2613 2597 2584 2576 2578 2589 2598 2606 2610 2609 2598 2576 2551 2523 2505 2495 2485 2474 2467 2464 2464 2466 2472 2481 2493 2508 2525 0 0 0 0 0 0 0 0 0 0 0 0 0 0 0 0 0 0 0 0 0 0 0 0 0 0 0 0 0 0 0 0 0 0 0 0 0 0 0 0 0 0 0
0 0 0 0 0 0 0 0 0 2730 2714 0 0 0 0 0 0 0 2611 2600 2602 2616 2628 2636 2636 2628 2611 2584 2571 2571 2580 2600 2612 2618 2620 2620 2607 2582 2555 2526 2508 2499 2490 2480 2475 2473 2473 2475 2483 2498 2515 0 0 0 0 0 0 0 0 0 0 0 0 0 0 0 0 0 0 0 0 0 0 0 0 0 0 0 0 0 0 0 0 0 0 0 0 0 0 0 0 0 0 0 0 0
0 0 0 0 0 0 0 0 0 2707 2695 0 0 0 0 0 0 0 0 2590 2593 2611 2627 2642 2644 2634 2614 2584 2570 2574 2586 2606 2619 2623 2624 2621 2605 2575 2548 2523 2508 2503 2497 2489 2485 2485 2486 2490 2499 2515 0 0 0 0 0 0 0 0 0 0 0 0 0 0 0 0 0 0 0 0 0 0 0 0 0 0 0 0 0 0 0 0 0 0 0 0 0 0 0 0 0 0 0 0 0 0
0 0 0 0 0 0 0 0 2696 2691 0 0 0 0 0 0 0 0 0 2587 2591 2611 2630 2649 2653 2643 2623 2595 2582 2586 2594 2608 2616 2621 2620 2614 2592 2555 2529 2515 2507 2507 2505 2499 2498 2501 2506 2512 2520 2532 0 0 0 0 0 0 0 0 0 0 0 0 0 0 0 0 0 0 0 0 0 0 0 0 0 0 0 0 0 0 0 0 0 0 0 0 0 0 0 0 0 0 0 0 0 0
